3.788786085278508797e-03
6.214185385068579127e-03
3.595052155393559622e-03
4.885734335798455098e-03
8.506444615701673831e-03
4.012492990648098591e-03
3.531911663674508570e-03
2.284206645643082397e-03
3.897178466531912334e-03
4.112857887163130430e-03
3.845828909351009343e-03
4.329249357567653729e-03
6.191001534485357678e-03
2.902688409044289382e-03
1.894307261243529219e-03
4.177906174149900558e-03
5.523947863620746503e-03
5.318270395532741050e-03
3.836665218650176044e-03
4.510532119384576266e-03
4.861316694065487450e-03
4.591034741754831949e-03
6.100893377203057445e-03
4.441632582733531613e-03
3.468659683508883412e-03
4.320705960835580575e-03
4.767441661939873440e-03
3.184352367436733486e-03
4.237027259765978673e-03
3.164869665562856406e-03
5.726464878090172309e-03
3.154060874491823336e-03
4.996158524306453831e-03
3.486602931221145004e-03
3.677621513967966119e-03
3.085190431723778930e-03
3.257852053117194988e-03
3.346953838940716110e-03
2.412882094094106079e-03
3.440000000000005553e-03
4.377544974069369141e-03
4.778912010070913464e-03
3.907991811659799683e-03
4.776075795043454968e-03
2.394994780787639086e-03
4.792713219044095890e-03
4.296929136022589572e-03
2.463432564532679926e-03
8.180959601415965440e-03
4.355961432336137584e-03
2.666758331757855538e-03
5.233402335001581876e-03
4.466777361812437550e-03
4.722245228702129198e-03
4.942883773668988595e-03
4.217214720642050753e-03
5.044492045786161567e-03
4.442172891727655566e-03
3.586767346790136358e-03
3.441351478707173773e-03
4.998049619601636559e-03
4.125966553427197307e-03
1.963797341886381383e-03
3.855852694281773890e-03
