7.013899999999999579e-01
7.851700000000000346e-01
8.112400000000000722e-01
7.984600000000000586e-01
7.850800000000000001e-01
8.191300000000000248e-01
8.304600000000001980e-01
8.285199999999999232e-01
8.099000000000000643e-01
8.319199999999999928e-01
8.337400000000000366e-01
8.308600000000000430e-01
7.984500000000001041e-01
8.279799999999999383e-01
8.324599999999999778e-01
8.211899999999999755e-01
7.929000000000000492e-01
8.204000000000000181e-01
8.320000000000000728e-01
8.306099999999998484e-01
8.142400000000000748e-01
8.330199999999999827e-01
8.408100000000000573e-01
8.428700000000001191e-01
8.302199999999999580e-01
8.367499999999999938e-01
8.431499999999999551e-01
8.441300000000000470e-01
8.299600000000000311e-01
8.402399999999999869e-01
8.438599999999999435e-01
8.440300000000000580e-01
8.156799999999998496e-01
8.305400000000000560e-01
8.355900000000000549e-01
8.342399999999999816e-01
8.292199999999999571e-01
8.404299999999998994e-01
8.467000000000000082e-01
8.456200000000000383e-01
8.323099999999999943e-01
8.406000000000000139e-01
8.472600000000001241e-01
8.467100000000000737e-01
8.321999999999999398e-01
8.443300000000000249e-01
8.465199999999999392e-01
8.449499999999998678e-01
8.065700000000001202e-01
8.300400000000001111e-01
8.316200000000002479e-01
8.300500000000001766e-01
8.301299999999999235e-01
8.469800000000000662e-01
8.475700000000001566e-01
8.473099999999998966e-01
8.316900000000000404e-01
8.472099999999999076e-01
8.506899999999999462e-01
8.516099999999999781e-01
8.288500000000000867e-01
8.458200000000000163e-01
8.498499999999999943e-01
8.481799999999999340e-01
